      50.0000      2852.00      2882.00      2912.00
      51.0000      2798.00      2826.00      2854.00
      52.0000      2744.00      2772.00      2798.00
      53.0000      2694.00      2720.00      2744.00
      54.0000      2644.00      2668.00      2694.00
      55.0000      2596.00      2620.00      2644.00
      56.0000      2550.00      2572.00      2596.00
      57.0000      2506.00      2528.00      2550.00
      58.0000      2462.00      2484.00      2506.00
      59.0000      2420.00      2442.00      2462.00
