      42.0000      3390.00      3432.00      3476.00
      43.0000      3314.00      3354.00      3392.00
      44.0000      3240.00      3278.00      3316.00
      45.0000      3168.00      3204.00      3240.00
      46.0000      3100.00      3134.00      3168.00
      47.0000      3034.00      3066.00      3100.00
      48.0000      2972.00      3004.00      3034.00
      49.0000      2912.00      2942.00      2972.00
      50.0000      2854.00      2882.00      2912.00
      51.0000      2798.00      2826.00      2854.00
